[gd_scene load_steps=3 format=2]

[ext_resource path="res://Scenes/BaseLevel.tscn" type="PackedScene" id=1]
[ext_resource path="res://Scenes/Levels/Level1.gd" type="Script" id=2]

[node name="BaseLevel" index="0" instance=ExtResource( 1 )]
script = ExtResource( 2 )
tile_number = 100

[node name="Camera" parent="." index="0"]
transform = Transform( 1, 0, 0, 0, 0.897196, 0.441633, 0, -0.441633, 0.897196, 0, 3.852, 0 )
current = false

[node name="DirectionalLight" parent="." index="1"]
transform = Transform( -0.206208, -0.881448, -0.424885, 0.970839, -0.130042, -0.201395, 0.122266, -0.454025, 0.88256, 0, 4.32661, 0 )
light_color = Color( 0.54902, 0.54902, 0.54902, 1 )

[node name="Player" parent="." index="2"]
transform = Transform( 1, 0, 0, 0, 0.897196, 0.441633, 0, -0.441633, 0.897196, 0, 3.852, 0 )

[node name="RayCast" type="RayCast" parent="." index="3"]
transform = Transform( 1, 0, 0, 0, 1, 0, 0, 0, 1, 0, 1.9144, -3.943 )
enabled = true
cast_to = Vector3( 0, -10, 0 )

[node name="PlayerInitialPosition" type="Position3D" parent="." index="5"]
transform = Transform( 1, 0, 0, 0, 1, 0, 0, 0, 1, 0, 3.852, 0 )
[connection signal="swipe" from="SwipeDetector" to="." method="_on_SwipeDetector_swipe"]
